0.00000000	0.00000000	0.00000000	0.00000000	0.00000000	0.00000000	0.00000000	0.00000000	0.00000000	0.00000000	0.00000000	0.00000000	0.00000000	0.00000000	0.00000000	0.00000000	0.00000000	0.00000000	0.00000000	-0.00008021	-0.00118497	0.00000000	
0.00000000	0.00000000	0.00000000	0.00000000	0.00000000	0.00000000	0.00000000	0.00000000	0.00000000	0.00000000	0.00000000	0.00000000	0.00000000	0.00000000	0.00000000	0.00000000	0.00000000	0.00000000	0.00000000	-0.00006673	-0.00099380	0.00000000	
0.00000000	0.00000000	0.00000000	0.00000000	0.00000000	0.00000000	0.00000000	0.00000000	0.00000000	0.00000000	0.00000000	0.00000000	0.00000000	0.00000000	0.00000000	0.00000000	0.00000000	0.00000000	0.00000000	-0.00007810	-0.00119798	0.00000000	
0.15881866	0.00002474	0.00002474	0.00002968	0.00002968	0.00000871	0.00000871	0.00004571	0.00004571	0.00000192	0.00000192	0.00001006	0.00001006	0.00102839	0.00123406	0.00036199	0.00190046	0.00007964	0.00041810	0.00018646	-0.00192946	0.00044743	
1.93071330	0.00033112	0.00033112	0.00039734	0.00039734	0.00011655	0.00011655	0.00061191	0.00061191	0.00002564	0.00002564	0.00013462	0.00013462	0.00115694	0.00138832	0.00040724	0.00213802	0.00008959	0.00047036	0.00333808	0.00116769	0.00506040	
2.67844868	0.00042989	0.00042989	0.00051586	0.00051586	0.00015132	0.00015132	0.00079443	0.00079443	0.00003329	0.00003329	0.00017477	0.00017477	0.00000000	0.00000000	0.00000000	0.00000000	0.00000000	0.00000000	0.00429450	0.00144980	0.00720395	
3.12149906	0.00047623	0.00047623	0.00057147	0.00057147	0.00016763	0.00016763	0.00088007	0.00088007	0.00003688	0.00003688	0.00019362	0.00019362	0.00000000	0.00000000	0.00000000	0.00000000	0.00000000	0.00000000	0.00473951	0.00230445	0.00812556	
3.49578214	0.00019321	0.00019321	0.00023186	0.00023186	0.00006801	0.00006801	0.00035706	0.00035706	0.00001496	0.00001496	0.00007855	0.00007855	0.00000000	0.00000000	0.00000000	0.00000000	0.00000000	0.00000000	0.00182579	0.00102006	0.00432265	
3.70745969	0.00035313	0.00035313	0.00042375	0.00042375	0.00012430	0.00012430	0.00065258	0.00065258	0.00002735	0.00002735	0.00014357	0.00014357	0.00000000	0.00000000	0.00000000	0.00000000	0.00000000	0.00000000	0.00353502	0.00168213	0.00631759	
2.37421155	0.00019720	0.00019720	0.00023664	0.00023664	0.00006941	0.00006941	0.00036442	0.00036442	0.00001527	0.00001527	0.00008017	0.00008017	0.00000000	0.00000000	0.00000000	0.00000000	0.00000000	0.00000000	0.00199183	-0.00012278	0.00337319	
0.00000000	0.00000000	0.00000000	0.00000000	0.00000000	0.00000000	0.00000000	0.00000000	0.00000000	0.00000000	0.00000000	0.00000000	0.00000000	0.00000000	0.00000000	0.00000000	0.00000000	0.00000000	0.00000000	-0.00012316	-0.00201033	0.00000000	
0.00000000	0.00000000	0.00000000	0.00000000	0.00000000	0.00000000	0.00000000	0.00000000	0.00000000	0.00000000	0.00000000	0.00000000	0.00000000	0.00000000	0.00000000	0.00000000	0.00000000	0.00000000	0.00000000	-0.00007900	-0.00127170	0.00000000	
0.00000000	0.00000000	0.00000000	0.00000000	0.00000000	0.00000000	0.00000000	0.00000000	0.00000000	0.00000000	0.00000000	0.00000000	0.00000000	0.00000000	0.00000000	0.00000000	0.00000000	0.00000000	0.00000000	-0.00005414	-0.00090256	0.00000000	
0.00000000	0.00000000	0.00000000	0.00000000	0.00000000	0.00000000	0.00000000	0.00000000	0.00000000	0.00000000	0.00000000	0.00000000	0.00000000	0.00000000	0.00000000	0.00000000	0.00000000	0.00000000	0.00000000	-0.00006582	-0.00097338	0.00000000	
0.00000000	0.00000000	0.00000000	0.00000000	0.00000000	0.00000000	0.00000000	0.00000000	0.00000000	0.00000000	0.00000000	0.00000000	0.00000000	0.00000000	0.00000000	0.00000000	0.00000000	0.00000000	0.00000000	-0.00008439	-0.00149062	0.00000000	
0.17041662	0.00002797	0.00002797	0.00003356	0.00003356	0.00000984	0.00000984	0.00005168	0.00005168	0.00000217	0.00000217	0.00001137	0.00001137	0.00099252	0.00119102	0.00034937	0.00183417	0.00007686	0.00040352	0.00024389	-0.00176622	0.00050939	
1.80497682	0.00035766	0.00035766	0.00042919	0.00042919	0.00012590	0.00012590	0.00066096	0.00066096	0.00002770	0.00002770	0.00014541	0.00014541	0.00099968	0.00119961	0.00035189	0.00184741	0.00007742	0.00040643	0.00360171	0.00116075	0.00546021	
2.54024529	0.00050180	0.00050180	0.00060216	0.00060216	0.00017663	0.00017663	0.00092733	0.00092733	0.00003886	0.00003886	0.00020401	0.00020401	0.00000000	0.00000000	0.00000000	0.00000000	0.00000000	0.00000000	0.00500100	0.00206547	0.00780926	
3.07195592	0.00052763	0.00052763	0.00063316	0.00063316	0.00018573	0.00018573	0.00097506	0.00097506	0.00004086	0.00004086	0.00021451	0.00021451	0.00000000	0.00000000	0.00000000	0.00000000	0.00000000	0.00000000	0.00524533	0.00279278	0.00844292	
3.56893754	0.00050051	0.00050051	0.00060061	0.00060061	0.00017618	0.00017618	0.00092494	0.00092494	0.00003876	0.00003876	0.00020349	0.00020349	0.00000000	0.00000000	0.00000000	0.00000000	0.00000000	0.00000000	0.00497293	0.00282563	0.00854819	
3.97044730	0.00035112	0.00035112	0.00042134	0.00042134	0.00012359	0.00012359	0.00064886	0.00064886	0.00002719	0.00002719	0.00014275	0.00014275	0.00000000	0.00000000	0.00000000	0.00000000	0.00000000	0.00000000	0.00350694	0.00208719	0.00621384	
2.48469567	0.00017237	0.00017237	0.00020684	0.00020684	0.00006067	0.00006067	0.00031854	0.00031854	0.00001335	0.00001335	0.00007008	0.00007008	0.00000000	0.00000000	0.00000000	0.00000000	0.00000000	0.00000000	0.00173594	-0.00045325	0.00298330	
0.00000000	0.00000000	0.00000000	0.00000000	0.00000000	0.00000000	0.00000000	0.00000000	0.00000000	0.00000000	0.00000000	0.00000000	0.00000000	0.00000000	0.00000000	0.00000000	0.00000000	0.00000000	0.00000000	-0.00013691	-0.00236165	0.00000000	
0.00000000	0.00000000	0.00000000	0.00000000	0.00000000	0.00000000	0.00000000	0.00000000	0.00000000	0.00000000	0.00000000	0.00000000	0.00000000	0.00000000	0.00000000	0.00000000	0.00000000	0.00000000	0.00000000	-0.00007607	-0.00145794	0.00000000	
0.00000000	0.00000000	0.00000000	0.00000000	0.00000000	0.00000000	0.00000000	0.00000000	0.00000000	0.00000000	0.00000000	0.00000000	0.00000000	0.00000000	0.00000000	0.00000000	0.00000000	0.00000000	0.00000000	-0.00006301	-0.00107879	0.00000000	
0.00000000	0.00000000	0.00000000	0.00000000	0.00000000	0.00000000	0.00000000	0.00000000	0.00000000	0.00000000	0.00000000	0.00000000	0.00000000	0.00000000	0.00000000	0.00000000	0.00000000	0.00000000	0.00000000	-0.00005593	-0.00096013	0.00000000	
0.00000000	0.00000000	0.00000000	0.00000000	0.00000000	0.00000000	0.00000000	0.00000000	0.00000000	0.00000000	0.00000000	0.00000000	0.00000000	0.00000000	0.00000000	0.00000000	0.00000000	0.00000000	0.00000000	-0.00009518	-0.00173509	0.00000000	
0.59335113	0.00008671	0.00008671	0.00010405	0.00010405	0.00003052	0.00003052	0.00016024	0.00016024	0.00000671	0.00000671	0.00003525	0.00003525	0.00180342	0.00216410	0.00063480	0.00333272	0.00013966	0.00073320	0.00084406	-0.00137991	0.00138443	
2.49293947	0.00044607	0.00044607	0.00053528	0.00053528	0.00015702	0.00015702	0.00082434	0.00082434	0.00003454	0.00003454	0.00018135	0.00018135	0.00064260	0.00077112	0.00022620	0.00118753	0.00004976	0.00026126	0.00445824	0.00203516	0.00691561	
3.11234331	0.00049854	0.00049854	0.00059825	0.00059825	0.00017549	0.00017549	0.00092130	0.00092130	0.00003861	0.00003861	0.00020269	0.00020269	0.00000000	0.00000000	0.00000000	0.00000000	0.00000000	0.00000000	0.00496264	0.00264153	0.00828548	
3.59725237	0.00047318	0.00047318	0.00056781	0.00056781	0.00016656	0.00016656	0.00087443	0.00087443	0.00003664	0.00003664	0.00019237	0.00019237	0.00000000	0.00000000	0.00000000	0.00000000	0.00000000	0.00000000	0.00470745	0.00263237	0.00853627	
4.03729296	0.00044860	0.00044860	0.00053833	0.00053833	0.00015791	0.00015791	0.00082902	0.00082902	0.00003474	0.00003474	0.00018238	0.00018238	0.00000000	0.00000000	0.00000000	0.00000000	0.00000000	0.00000000	0.00446046	0.00291372	0.00816444	
4.39749432	0.00030923	0.00030923	0.00037108	0.00037108	0.00010885	0.00010885	0.00057146	0.00057146	0.00002395	0.00002395	0.00012572	0.00012572	0.00000000	0.00000000	0.00000000	0.00000000	0.00000000	0.00000000	0.00309274	0.00189339	0.00606311	
2.68703341	0.00018985	0.00018985	0.00022782	0.00022782	0.00006683	0.00006683	0.00035085	0.00035085	0.00001470	0.00001470	0.00007719	0.00007719	0.00000000	0.00000000	0.00000000	0.00000000	0.00000000	0.00000000	0.00190524	-0.00044924	0.00339460	
0.00000000	0.00000000	0.00000000	0.00000000	0.00000000	0.00000000	0.00000000	0.00000000	0.00000000	0.00000000	0.00000000	0.00000000	0.00000000	0.00000000	0.00000000	0.00000000	0.00000000	0.00000000	0.00000000	-0.00013357	-0.00215186	0.00000000	
0.00000000	0.00000000	0.00000000	0.00000000	0.00000000	0.00000000	0.00000000	0.00000000	0.00000000	0.00000000	0.00000000	0.00000000	0.00000000	0.00000000	0.00000000	0.00000000	0.00000000	0.00000000	0.00000000	-0.00007465	-0.00127034	0.00000000	
0.00000000	0.00000000	0.00000000	0.00000000	0.00000000	0.00000000	0.00000000	0.00000000	0.00000000	0.00000000	0.00000000	0.00000000	0.00000000	0.00000000	0.00000000	0.00000000	0.00000000	0.00000000	0.00000000	-0.00006089	-0.00100640	0.00000000	
0.00000000	0.00000000	0.00000000	0.00000000	0.00000000	0.00000000	0.00000000	0.00000000	0.00000000	0.00000000	0.00000000	0.00000000	0.00000000	0.00000000	0.00000000	0.00000000	0.00000000	0.00000000	0.00000000	-0.00007190	-0.00114663	0.00000000	
0.00000000	0.00000000	0.00000000	0.00000000	0.00000000	0.00000000	0.00000000	0.00000000	0.00000000	0.00000000	0.00000000	0.00000000	0.00000000	0.00000000	0.00000000	0.00000000	0.00000000	0.00000000	0.00000000	-0.00008515	-0.00149816	0.00000000	
0.20978060	0.00003873	0.00003873	0.00004648	0.00004648	0.00001363	0.00001363	0.00007158	0.00007158	0.00000300	0.00000300	0.00001575	0.00001575	0.00121490	0.00145788	0.00042765	0.00224514	0.00009408	0.00049393	0.00033707	-0.00181512	0.00064901	
2.19125772	0.00036308	0.00036308	0.00043570	0.00043570	0.00012781	0.00012781	0.00067098	0.00067098	0.00002812	0.00002812	0.00014762	0.00014762	0.00122367	0.00146840	0.00043073	0.00226134	0.00009476	0.00049749	0.00364595	0.00076795	0.00578970	
2.96443892	0.00043978	0.00043978	0.00052774	0.00052774	0.00015480	0.00015480	0.00081271	0.00081271	0.00003406	0.00003406	0.00017880	0.00017880	0.00000000	0.00000000	0.00000000	0.00000000	0.00000000	0.00000000	0.00438714	0.00148424	0.00734316	
3.40506625	0.00040904	0.00040904	0.00049085	0.00049085	0.00014398	0.00014398	0.00075590	0.00075590	0.00003168	0.00003168	0.00016630	0.00016630	0.00000000	0.00000000	0.00000000	0.00000000	0.00000000	0.00000000	0.00407951	0.00218927	0.00768578	
3.80522561	0.00042850	0.00042850	0.00051420	0.00051420	0.00015083	0.00015083	0.00079187	0.00079187	0.00003318	0.00003318	0.00017421	0.00017421	0.00000000	0.00000000	0.00000000	0.00000000	0.00000000	0.00000000	0.00426276	0.00164052	0.00766615	
4.17348957	0.00033298	0.00033298	0.00039957	0.00039957	0.00011721	0.00011721	0.00061534	0.00061534	0.00002579	0.00002579	0.00013538	0.00013538	0.00000000	0.00000000	0.00000000	0.00000000	0.00000000	0.00000000	0.00332352	0.00038047	0.00623622	
2.58939385	0.00018611	0.00018611	0.00022333	0.00022333	0.00006551	0.00006551	0.00034393	0.00034393	0.00001441	0.00001441	0.00007566	0.00007566	0.00000000	0.00000000	0.00000000	0.00000000	0.00000000	0.00000000	0.00187017	-0.00079805	0.00328582	
0.00000000	0.00000000	0.00000000	0.00000000	0.00000000	0.00000000	0.00000000	0.00000000	0.00000000	0.00000000	0.00000000	0.00000000	0.00000000	0.00000000	0.00000000	0.00000000	0.00000000	0.00000000	0.00000000	-0.00015286	-0.00246744	0.00000000	
0.00000000	0.00000000	0.00000000	0.00000000	0.00000000	0.00000000	0.00000000	0.00000000	0.00000000	0.00000000	0.00000000	0.00000000	0.00000000	0.00000000	0.00000000	0.00000000	0.00000000	0.00000000	0.00000000	-0.00010157	-0.00207487	0.00000000	
